8 24 4
none elu elu
-0.0153786154173699 0.04844194235701691 0.054699750031061346 -0.17431554426165535 -0.028141248552092806 0.021751658403890997 0.010879440095363567 0.10213118031977805 0.1602240478367417 -0.051629736626248306 -0.020704382941445502 0.01758882970371219 -0.018850787688065012 0.0892158435881951 0.029718610048970005 -0.01654254968253646 -0.11715768230501052 0.13286914859351853 -0.09112216352854834 -0.020521682602701534 0.06329536811658831 -0.05272296709635971 0.20264870569871807 -0.10111280026336643
0.14434723524545523 -0.20667771102898042 0.03985642243878666 -0.920978242193764 -0.44709915130450517 -0.1479374706708017 0.010528175519879767 0.26462466092973513 0.15759446530996257 0.11245467273467097 -0.6504810279615029 0.13578395309181598 -0.6885221700712876 0.18202529996849293 0.37070209826441125 -0.2360873197802129 -0.4464225154004871 -0.20819705212497966 0.06370587730417536 -0.206346309275361 0.18398497232273786 -0.16685335401365406 0.759708458664572 0.41211736155533724
0.12409374199463757 0.3024910513768593 0.31233706240670467 0.21267164238688932 0.4258404992447827 0.1441631888054565 0.10091893877182559 0.2905101247417672 -0.5615392677500445 0.01728782206046016 0.011148304537652231 -0.11699891246225894 0.18600484628019381 -0.01356127231872415 -0.24085942278895994 -0.003237552963281841 0.08880326585862079 0.1108047872197626 -0.15820852389751633 -0.19699755741430627 -0.589643456721578 -0.10894163449552902 -0.6485801046431713 0.11189252390165816
-0.06900824037835597 -0.2799620992644687 -0.20011310466584792 -0.527738992626928 -0.12129748791042494 0.09236283248114328 -0.12627957654813085 -0.050761333178511 0.27277386197360853 0.21509849767084888 0.9440771018332247 0.06397830954964896 0.2570901004936318 0.20269115606875054 -0.6856027345755289 0.045309165819857555 -0.21515270304396006 0.07922189487560025 0.1007400216713439 -0.22409234874380152 0.14490177102078047 -0.1807112909970044 0.212670731616683 0.028389846597138536
-0.3316711048617029 0.411224909228255 0.9629660127787881 -0.11927518608865359 0.3011708837851186 -0.07273837363063505 -0.3128083397004548 -0.5814082305620845 0.20478743754820458 -0.49397605186242416 0.00671361529702211 0.16691342320610675 -0.3946350324380271 -0.23550586906139465 0.3365880396705398 0.053470268044612426 -0.6849564159301669 0.1770625662077959 0.11103009832570626 0.35891362188819237 -0.18509561893172077 0.39707027914308407 0.2777797219287149 0.21438646364258374
-0.2774063097857649 -0.4050805680529355 -0.4698758268532871 -0.2889480426457499 0.27644743685763806 -0.12856319661864438 -0.3056429021659365 0.024624650832538175 -0.08037261308922848 -0.21434085271789696 -0.7469883365287309 -0.20163544092215674 0.7060136895335665 0.04227139483864308 0.038645903456101936 0.16947710246461045 0.18619853221020158 0.3137177416887844 -0.13148477905059094 -0.107592604620419 0.12403416614244842 0.5113524009055175 0.8941681217978923 -0.10026126275903213
-0.27597870114909817 -0.35734937113028004 0.08081272498696376 0.3710495828486241 -0.22553037475270069 0.054490430506020184 0.3220705974608444 0.12687309514912717 -0.4139376722516641 0.058351135381354134 -0.15493111994057948 -0.018169980506461198 0.33734008185240794 0.48872292105705534 -0.09401981581608634 0.22873012200964865 -0.0958946915862668 0.01432732217240802 -0.09402993191303839 -0.8654256363059447 -0.09088923760386913 0.14440809416193062 -0.21401752697222526 0.54634495192475
-0.4571561306738594 0.41391027873602476 0.17192869643629766 0.15363115629749097 0.074852090859961 0.28277023636683396 0.007023484221743023 0.1635143150595246 -0.06931307702422246 -0.30086884652919305 0.07826511020993072 0.029057138979509636 0.27104646479622324 0.5365042279383482 0.48445162425497024 0.1059712040842585 -0.5231777450433197 -0.10454350776729976 -0.1752167046365631 0.2732987890343085 -0.3965690510770361 0.39637047832987093 0.16212050640274323 0.018740321017017433
0.005803319730114527 0.13928240999668906 0.036511361811554136 -0.12543040760158858 -0.3269254447926069 -0.10244532301432446 -0.1294389716125756 0.02356804322027596 -0.03496907913378248 -0.337117570856902 -0.10756624551745896 -0.052787231395361865 0.10063575525144616 -0.3696758274395398 0.19367597543178677 -1.1533032275708002 -0.16605137356637464 -0.3331309930505296 -0.4287578108721779 -0.031125319614051253 -0.1655792069255089 -0.39467077843774645 -0.0417227330777649 -0.3705590565818502
-0.08272454081597068 -0.4679198618486337 0.008588509885357802 -0.12160408349173325
-0.06734028300314841 -0.03234961315508826 0.11566729353378001 -0.27716587708653806
0.05217083152695889 -0.20745382031993329 0.011702331629306098 0.050467522778687574
0.14782961133534964 0.05175279123668579 0.1876924429876009 -0.297837520715451
-0.15013582433160516 -0.13196082839935974 0.10996269042827658 -0.0834302619286878
0.04687260618313846 0.4843099670183355 -0.1513672820063718 -0.013512214848923584
-0.1849826079834965 0.15697127743896724 0.008539920762881516 0.1060337926912599
0.052827501343990654 0.02694525230949798 0.31192113183011694 -0.0868144745381978
-0.015534150823481713 -0.38764202546868076 -0.12911872847329736 -0.02219659409679972
-0.11453309814155738 0.12326325677096038 0.024087829964568073 -0.0011447640105889361
-0.13029502929220652 -0.0630745578882996 -0.3929719992607535 0.18694267371629975
0.5817467929671728 -0.09889174779749503 -0.11207732320100817 -0.1491244224337301
0.08245388277768924 -0.025650859536210917 -0.16851870677946287 -0.19116230556434538
0.28329176356601116 0.15309992178153906 -0.34139761306375077 0.24672654935919966
0.19098886724843883 -0.07000081076422643 -0.022257375427024814 -0.05735916591996958
-0.29175527764199766 0.3089225584850892 0.1433151562257642 0.028569015406135264
-0.3494876282638828 0.025549363866841878 -0.3320779462437788 0.03909423193229115
0.1363050724195667 0.2784588833705145 0.06364879993909202 -0.022645330337577353
-0.19323099231904278 -0.06220625333912522 0.08445434241703892 -0.17489523027571444
-0.24071061634175367 -0.05310278308625025 0.15223061471569238 0.20682097458468615
0.2075443638001676 -0.010158612974653656 0.29478563378528677 0.22778740548621806
-0.09157152871249452 -0.02745711173593455 -0.0856651904223935 0.3186372126550253
0.07852913372326487 0.46746311403789387 0.036400511066310266 0.23065974802075262
-0.1087658147142318 0.20728361939437367 -0.02743665877528459 0.10791978525271304
-0.14456156393852437 0.28224225006208536 -0.08348279353159166 0.3373098309176076
